["10175797040"]	
1
["10313859370"]	
1
["10343837187"]	
1
["10413224011"]	
1
["10647576506"]	
1
["10768662941"]	
1
["11146399042"]	
1
["11178114348"]	
2
["11225739113"]	
1
["11248920547"]	
1
["11340697914"]	
1
["11363436237"]	
2
["11400897374"]	
1
["11594124423"]	
1
["11645157376"]	
1
["11648079395"]	
1
["11681327175"]	
1
["11694957977"]	
1
["11747824213"]	
1
["11904715287"]	
2
["12147308230"]	
2
["12197541176"]	
1
["12279360319"]	
1
["12430676309"]	
1
["12608131297"]	
1
["12609237951"]	
1
["12659728028"]	
1
["12828758934"]	
1
["12870107939"]	
1
["12951235819"]	
9
["12975967419"]	
2
["12976673559"]	
1
["13055356022"]	
1
["13058971355"]	
2
["13128404744"]	
1
["13142969738"]	
1
["13152760422"]	
1
["13171966890"]	
1
["13185463870"]	
1
["13246446336"]	
1
["13351129752"]	
1
["13374520070"]	
1
["13387227155"]	
2
["13424746952"]	
1
["13432247030"]	
1
["13436812736"]	
1
["13840026569"]	
1
["13907415350"]	
1
["14013779557"]	
1
["14079519125"]	
1
["14262866136"]	
1
["14519226704"]	
1
["14604581255"]	
1
["14650064534"]	
2
["14891585410"]	
3
["14910249732"]	
2
["14912738921"]	
2
["15022726533"]	
3
["15187117326"]	
1
["15518538831"]	
1
["15522143415"]	
1
["15522717301"]	
1
["15626276836"]	
1
["15627549138"]	
1
["15649387661"]	
1
["15679363267"]	
1
["15716133196"]	
1
["15751955280"]	
1
["16040631983"]	
1
["16087913176"]	
1
["16151218685"]	
1
["16245324934"]	
1
["16293927627"]	
1
["16316289722"]	
5
["16388835904"]	
1
["16445696656"]	
1
["16507322686"]	
1
["16616208609"]	
1
["16772389959"]	
1
["16839766388"]	
1
["16848588710"]	
1
["16851561984"]	
1
["17069368658"]	
2
["17193947582"]	
1
["17222704843"]	
1
["17325957513"]	
1
["17391019770"]	
1
["17455289243"]	
2
["17598475593"]	
1
["17647561356"]	
1
["17696269384"]	
1
["17768966547"]	
2
["18023826365"]	
1
["18055386557"]	
1
["18201114723"]	
1
["18256063314"]	
1
["18273763960"]	
1
["18343890795"]	
1
["18402503805"]	
1
["18438450180"]	
1
===================
50400948850
50400948850
10534036223
10534036223
65404567521
33523659571
87818981088
32526799640
74746330564
13016875754
32641248940
13926081268
74296271569
30219391718
92480605457
71345797068
93095970880
89713791780
10173567584
63538817318
10173567584
97142640146
47483380725
48144225760
68224495511
73048268556
15743376049
96521040784
52812863025
89765555223
48865845126
39795318522
92564320219
38127965172
41864225188
23896722965
88189138840
42084680174
59439022090
26964132760
16605254752
10363152487
32163472670
80715293410
74734977285
73671292775
73671292775
14413528112
33741755956
11967291755
11967291755
78264199352
82108584358
98385278265
21743166146
96649502603
48963668634
61189258091
30402074016
14891392781
70580252665
64770888221
17924569527
16817957087
75551713651
61920638082
41842499310
82603483389
54041067785
23132654981
73516059270
20936413406
76932721412
60464443434
72888437114
57388920931
16420494180
75003896915
48542563413
16121318623
31090423941
74390342984
31090423941
40378812254
38811419427
79488519742
56271574171
17044084713
18833724860
18833724860
92126008900
67711469738
63150198037
32383270526
85562853260
88657723845
70114250263
65185920603
39765921251
66469250610
60381134943
40653401421
94352541287
20842058970
70907611751
16420494180
16420494180
97974926423
39692733759
51338470240
23990610230
37764992821
97422093835
28068242635
50862406986
47887411580
25691740555
95505387451
92304285583
77513637706
75782161118
60301165684
75782161118
31647014575
53924310428
85173245689
19230155850
25206139073
90741598281
72612230700
16420494180
40716400670
41612326079
88309065151
87574950980
67913031435
35228265269
35228265269
70028684977
19290091678
56605721773
84022021786
50900043813
61211555253
50600801419
92563593827
84477529484
52207482111
75587610382
16420494180
47083852690
30983060471
86538441708
87940771132
92158039597
17391019770
67607178123
92158039597
72702547855
98207284760
20266039230
19044926112
64902283098
19075115011
51301669685
63541995429
55691063192
94576978915
90504886760
60765264383
74308559813
71125151538
67913031435
17110658261
23599817558
97141514867
30061256868
48957683572
58917650585
21749960786
19186748041
73180904660
13735321320
77647508429
66809878616
32301158780
82799212012
35238336973
50376150287
94995302325
56373369439
80693042481
94739817942
44943064627
45117539864
23077984861
63660876630
88855143608
86436003280
86022828122
35056390643
25669889894
34619105950
31249842844
38218202271
52463885698
90465840485
28861510188
63643110218
49170431774
86559992904
19799104036
57590451880
60963449540
78405432698
16388835904
38022614223
69149430222
62680185739
87161969780
33499496552
70767035986
13840026569
92309158885
86795285335
65708770404
58759473051
27859822023
61642335549
62976177911
18438450180
74234219250
61270190364
48166549755
51307947675
30781463271
15716133196
57413074675
26815011285
75902486561
51831823589
97646233349
93525648318
26800703051
72956884452
84505726268
53755805413
22417805258
55410380460
30961994277
92376327441
22477680350
85189563230
53377407827
79664644740
40554922961
70256497147
48203402500
27284872859
80555507860
88851446060
59503945477
56636781323
25829145999
95687937639
32561129546
47560080817
40859819430
45934160110
32872796948
30522939859
79445202944
20707000302
21590868550
84742930659
86141033200
43421050580
43386328536
13374520070
30163511930
90657835585
13064686224
55876571965
52004234150
30200943940
48020668768
97345405971
71303869317
15204706463
16823569807
68330245592
25202123463
12953290230
35750253112
46055781233
13186028731
63969802992
12553719065
65188373630
77760624866
74762773631
91036596046
86425174089
25389630869
20419666450
21475415371
70560577629
59226370831
97686429546
46168051567
75341600415
52253762910
57688175244
77694873835
31982115981
52267441887
87594764086
11747824213
72609684643
31369535885
80453728910
62638963174
58988055820
54465529876
63769413148
92329853087
55414744234
73298861413
43901541046
24835070782
64916533023
44662843542
73873652068
47247071927
61580780585
73732234398
73732234398
30955404595
49165687136
11904715287
77625858850
74710014237
38198240256
98013397687
46842859613
31863334070
53125333180
48651455844
22073095289
11297105354
37897879645
26492115762
31352990610
96508777875
31024063888
39856261338
91298398430
92634790978
30630504260
78370252587
78370252587
48194310484
21601825923
62146883422
28449689362
55958370450
34270447648
79187627820
72940719774
52932786697
20097048650
75740101867
12953290230
20342499474
53802693980
53802693980
77221938655
66447847661
53818256881
72936777278
61290355931
54321487819
26861106020
26861106020
52351000059
75685357745
20299421485
18710938000
51770232351
81585482710
73029110796
31018355184